8C010000
8C020001
8C040002
8C050001
00003020
00411820
00400820
00601020
00C53020
10C40001
08000005
AC030003
0022382A
0041382A
00200820
00200820
00200820
00200820
00200820
00200820
00200820
00200820
00200820
00200820
00200820
00200820
00200820
00200820
00200820
00200820
00200820
00200820
00200820
00200820
00200820
00200820
00200820
00200820
00200820
00200820
00200820
00200820
00200820
00200820
00200820
00200820
00200820
00200820
00200820
00200820
00200820
00200820
00200820
00200820
00200820
00200820
00200820
00200820
00200820
00200820
00200820
00200820
00200820
00200820
00200820
00200820
00200820
00200820
00200820
00200820
00200820
00200820
00200820
00200820
00200820
00200820
00200820
00200820
00200820
00200820
00200820
00200820
00200820
00200820
00200820
00200820
00200820
00200820
00200820
00200820
00200820
00200820
00200820
00200820
00200820
00200820
00200820
00200820
00200820
00200820
00200820
00200820
00200820
00200820
00200820
00200820
00200820
00200820
00200820
00200820
00200820
00200820
00200820
00200820
00200820
00200820
00200820
00200820
00200820
00200820
00200820
00200820
00200820
00200820
00200820
00200820
00200820
00200820
00200820
00200820
00200820
00200820
00200820
00200820
00200820
00200820
00200820
00200820
00200820
00200820
00200820
00200820
00200820
00200820
00200820
00200820
00200820
00200820
00200820
00200820
00200820
00200820
00200820
00200820
00200820
00200820
00200820
00200820
00200820
00200820
00200820
00200820
00200820
00200820
00200820
00200820
00200820
00200820
00200820
00200820
00200820
00200820
00200820
00200820
00200820
00200820
00200820
00200820
00200820
00200820
00200820
00200820
00200820
00200820
00200820
00200820
00200820
00200820
00200820
00200820
00200820
00200820
00200820
00200820
00200820
00200820
00200820
00200820
00200820
00200820
00200820
00200820
00200820
00200820
00200820
00200820
00200820
00200820
00200820
00200820
00200820
00200820
00200820
00200820
00200820
00200820
00200820
00200820
00200820
00200820
00200820
00200820
00200820
00200820
00200820
00200820
00200820
00200820
00200820
00200820
00200820
00200820
00200820
00200820
00200820
00200820
00200820
00200820
00200820
00200820
00200820
00200820
00200820
00200820
00200820
00200820
00200820
00200820
00200820
00200820
00200820
00200820
00200820
00200820
00200820
0800000E